# id	left	top	right	bottom	texture_id
[SPRITES]
#BRICK
20001	372	153	387	168	20
20002	300	135	315	150	20
20003	318	135	333	150	20
20004	336	135	351	150	20
20005	354	135	369	150	20
20006	372	135	387	150	20

#BREAK
20007	392	135	407	150	20
20008	416	136	435	155	20

#WOOD
20009	408	225	423	240	20

#EMPTY
20010	390	153	405	168	20

#CLOUD
20011	309	144	324	159	33


# ani_id	sprite1_id	time1	sprite2_id	time2	...
[ANIMATIONS]
10000	20002	200	20003	200	20004	200	20005	200	20006	200
10001	20007	50	20008	100
10002	20009	1000
10003	20010	1000
