# id	left	top	right	bottom	texture_id
[SPRITES]
#WALK
31001	4	13	22	30	10
31002	24	13	42	30	10
#TAKEOFF
31003	64	10	83	29	10
31004	87	10	106	29	10
#JUMP
31005	110	6	129	29	10
31006	134	6	153	29	10
#WALKRED
31007	129	42	144	57	10
31008	149	42	164	57	10

#DIE
32001	44	19	62	30	10
#DIERED
32002	169	49	184	57	10

# ani_id	sprite1_id	time1	sprite2_id	time2	...
[ANIMATIONS]
5000	31001	100	31002	100
5001	32001	100
5002	31003	100	31004	100
5003	31005	100	31006	100
5004	31007	100	31008	100
5005	32002	100