# id	left	top	right	bottom	texture_id
[SPRITES]
#WALK
#RED
70001	6	128	21	155	10
70002	28	128	43	155	10
70003	458	128	473	155	11
70004	436	128	451	155	11

#GREEN
71001	295	128	310	155	10
71002	317	128	332	155	10
71003	170	128	185	155	11
71004	148	128	163	155	11


#WINGGREEN
72001	93	128	108	155	10
72002	114	128	129	155	10
72003	135	128	150	155	10
72004	157	128	172	155	10
72005	371	128	480	155	11
72006	350	128	365	155	11
72007	329	128	344	155	11
72008	307	128	322	155	11

#HIDE
#RED
70005	50	139	65	154	10
70006	71	139	88	154	10

#GREEN
71005	339	139	354	154	10
71006	360	139	377	154	10


# ani_id	sprite1_id	time1	sprite2_id	time2	...
[ANIMATIONS]
#RED
7000	70001	100	70002	100
7001	70005	100
7002	70003	100	70004	100
7003	70006	100
#GREEN
7100	71001	100	71002	100
7101	71005	100
7102	71003	100	71004	100
7103	71006	100
#WINGGREEN
7200	72001	100	72002	100	72003	100	72004	100
7201	72005	100	72006	100	72007	100	72008	100
