# id	left	top	right	bottom	texture_id
[SPRITES]
#RED
200000	13	62	28	85	10
200001	60	62	75	85	10
200002	404	62	419	85	11
200003	451	62	466	85	11
#GREEN
200004	106	63	121	86	10
200005	148	63	163	86	10
200006	358	63	373	86	11
200007	318	63	333	86	11

#FLYTRAP
200008	280	63	295	86	10
200009	320	63	335	86	10



# ani_id	sprite1_id	time1	sprite2_id	time2	...
[ANIMATIONS]
#RED
210000	200000	1000	200001	1000
220000	200002	1000	200003	1000
#GREEN
210001	200004	500	200005	500
210002	200006	500	200007	500
#FLYTRAP
210003	200008	500	200009	500