[SPRITES]
#BG
500100	17	16	32	31	35
#START
500101	4	143	19	158	35
#CACTUS
500210	4	310	19	325	35
500211	21	310	36	325	35
500212	38	310	53	325	35
500213	55	310	70	325	35
#ROCK
500200	72	310	87	325	35
#SCENEs
#SCENe1
500300	21	143	36	158	35
#SCENe2
500301	38	143	53	158	35
#SCENe3
500302	55	143	70	158	35
#SCENe4
500303	72	143	87	158	35
#SCENe5
500304	89	143	104	158	35
#SCENe6
500305	106	143	121	158	35

#SPADE
500400	140	160	155	175	35

#CASTLE
500500	157	160	172	175	35

#MUSHROOMHOUSE
500600	21	177	36	192	35

#DOOR
500700	4	177	19	192	35

#BRIDGE
500800	89	310	104	325	35
#WATER
500801	34	16	49	31	35
500802	51	16	66	31	35
500803	68	16	83	31	35
500804	34	33	49	48	35
500805	51	33	66	48	35
500806	68	33	83	48	35
500807	34	50	49	65	35
500808	51	50	66	65	35
500809	68	50	83	65	35
500810	17	33	32	48	35
500811	85	16	100	31	35

#BIGCASTLE
500501	89	177	104	192	35
500502	106	177	121	192	35
500503	123	177	138	192	35

#TURTLE
500900	38	177	53	192	35
500901	55	177	70	192	35
500902	72	177	87	192	35

#PATH
#HORIZONTAL
500110	4	227	19	242	35
#VERTICAL
500120	21	227	36	242	35
#COIN
500130	38	227	53	242	35
#COINSIDE
500140	55	227	70	242	35
#COINUP
500150	72	227	87	242	35
#COINJOINT
500160	89	227	104	242	35



[ANIMATIONS]
#BG
501000	500100	1000
#START
501001	500101	1000
#CACTUS
501100	500210	200	500211	200	500212	200	500213	200
#ROCK
501200	500200	1000
#SCENES
501300	500300	1000
501301	500301	1000
501302	500302	1000
501303	500303	1000
501304	500304	1000
501305	500305	1000
#SPADE
501400	500400	1000
#CASTE
501500	500500	1000
#MUSHROOMHOUSE
501600	500600	1000
#DOOR
501700	500700	1000
#BRIDGE
501800	500800	1000
#BIGCASTLE
501501	500501	1000
501502	500502	1000
501503	500503	1000
#TURTLE
501900	500900	200	500901	200
#PATH
#HORIZONTAL
501110	500110	1000
#VERTICAL
501120	500120	1000
#COIN
501130	500130	1000
#COINSIDE
501140	500140	1000
#COINUP
501150	500150	1000
#COINJOINT
501160	500160	1000
#WATER
501801	500801	1000
501802	500802	1000
501803	500803	1000

501804	500804	1000
501805	500805	1000
501806	500806	1000

501807	500807	1000
501808	500808	1000
501809	500809	1000

501810	500810	1000

501811	500811	1000
