[ASSETS]
mario.txt
brick.txt
coin.txt
goomba.txt
colorbox.txt
box.txt
koopas.txt
floor.txt
mushroom.txt
piranha.txt
fireball.txt
tube.txt
decoration.txt
button.txt
luckybox.txt
mario_big.txt
mario_small.txt
mario_racoon.txt

[OBJECTS]
#BG
8	0	180	16	16	20	750010	750011	750011
8	0	164	16	16	20	750010	750011	750011
8	0	148	16	16	20	750010	750011	750011
8	0	132	16	16	20	750010	750011	750011
8	0	116	16	16	20	750010	750011	750011
8	0	100	16	16	20	750010	750011	750011
8	0	84	16	16	20	750010	750011	750011
8	0	68	16	16	20	750010	750011	750011
8	0	52	16	16	20	750010	750011	750011
8	0	36	16	16	20	750010	750011	750011
8	0	20	16	16	20	750010	750011	750011
8	0	4	16	16	20	750010	750011	750011

#FLOOR
9	16	196	16	16	18	20001	20001	20001
9	16	3	16	16	18	20001	20001	20001
9	176	180	16	16	8	20001	20001	20001
9	192	164	16	16	7	20001	20001	20001
9	208	148	16	16	6	20001	20001	20001
9	224	132	16	16	5	20001	20001	20001
9	240	116	16	16	4	20001	20001	20001
9	256	100	16	16	3	20001	20001	20001

#WALL
17	0	3	16	16	14	20001	20001	20001
17	304	3	16	16	14	20001	20001	20001
17	320	3	16	16	14	20001	20001	20001
17	336	3	16	16	14	20001	20001	20001
17	352	3	16	16	14	20001	20001	20001
17	368	3	16	16	14	20001	20001	20001
17	384	3	16	16	14	20001	20001	20001
17	400	3	16	16	14	20001	20001	20001
17	416	3	16	16	14	20001	20001	20001
17	432	3	16	16	14	20001	20001	20001
17	448	3	16	16	14	20001	20001	20001

#COIN
4	128	148
4	128	84
4	144	164
4	144	116
4	144	68
4	160	164
4	160	116
4	160	68
4	176	148
4	176	132
4	176	100
4	176	84

#TUBE
13	16	3	16	16	2	300004	300004	300005
13	16	19	16	16	2	300006	300006	300007

13	272	3	16	16	2	300004	300004	300005
13	272	19	16	16	2	300006	300006	300007

#PORTAL
300	280	20	2	2320	130

# MARIO
0	20	20	1

# SCENELOADER
100	720	180	1